$ 1 0.000005 10.20027730826997 50 5 43
150 64 128 192 128 0 4 5 5
152 64 240 192 240 0 4 5 5
L -80 112 -112 112 0 1 false 5 0
L -80 160 -112 160 0 1 false 5 0
L -80 208 -112 208 0 1 false 5 0
L -80 256 -112 256 0 1 false 5 0
w -80 112 -80 96 0
w -80 160 -64 160 0
s -80 96 -32 96 0 0 false
w -32 96 64 96 0
w -64 160 -64 112 0
s -64 112 -16 112 0 0 false
w -16 112 64 112 0
w -80 208 -48 208 0
w -48 208 -48 144 0
s -48 144 0 144 0 0 false
w 0 144 64 144 0
w -80 256 -32 256 0
w -32 256 -32 160 0
s -32 160 16 160 0 0 false
w 16 160 64 160 0
w 64 96 64 208 0
w 64 112 32 224 0
w 32 224 64 224 0
w 64 144 32 256 0
w 32 256 64 256 0
w 64 160 48 272 0
w 48 272 64 272 0
r 192 128 224 128 0 1000
r 192 240 224 240 0 1000
162 224 240 272 240 1 2.1024259 1 0 0 0.01
162 224 128 272 128 1 2.1024259 1 0 0 0.01
g 272 240 272 288 0
w 272 240 272 128 0
